Pattern            TP    FP    FN  Precision     Recall         F1
-----------------------------------------------------------------
Adapter           115     0     5      1.000      0.958      0.979
Builder           120     0     0      1.000      1.000      1.000
Command           120     0     0      1.000      1.000      1.000
Decorator         120    25     0      0.828      1.000      0.906
Facade            120     1     0      0.992      1.000      0.996
Factory           119     1     1      0.992      0.992      0.992
Iterator          119     0     1      1.000      0.992      0.996
Observer          120     0     0      1.000      1.000      1.000
Prototype         120     0     0      1.000      1.000      1.000
Proxy              96     0    24      1.000      0.800      0.889
Singleton         120     1     0      0.992      1.000      0.996
State             120     0     0      1.000      1.000      1.000
Strategy          119     4     1      0.967      0.992      0.979
-----------------------------------------------------------------
MACRO AVG                              0.982      0.979      0.979

Overall Accuracy: 1528/1560 = 0.979