Pattern            TP    FP    FN  Precision     Recall         F1
-----------------------------------------------------------------
Adapter           116     0     4      1.000      0.967      0.983
Builder           120     0     0      1.000      1.000      1.000
Command           120     0     0      1.000      1.000      1.000
Decorator         120     5     0      0.960      1.000      0.980
Facade            119     1     1      0.992      0.992      0.992
Factory           118     2     2      0.983      0.983      0.983
Iterator          119     0     1      1.000      0.992      0.996
Observer          120     0     0      1.000      1.000      1.000
Prototype         120     1     0      0.992      1.000      0.996
Proxy             116     0     4      1.000      0.967      0.983
Singleton         120     2     0      0.984      1.000      0.992
State             120     0     0      1.000      1.000      1.000
Strategy          118     3     2      0.975      0.983      0.979
-----------------------------------------------------------------
MACRO AVG                              0.991      0.991      0.991

Overall Accuracy: 1546/1560 = 0.991