Pattern            TP    FP    FN  Precision     Recall         F1
-----------------------------------------------------------------
Adapter           115     0     5      1.000      0.958      0.979
Builder           120     0     0      1.000      1.000      1.000
Command           120     0     0      1.000      1.000      1.000
Decorator         120     7     0      0.945      1.000      0.972
Facade            120     1     0      0.992      1.000      0.996
Factory           118     2     2      0.983      0.983      0.983
Iterator          120     0     0      1.000      1.000      1.000
Observer          120     0     0      1.000      1.000      1.000
Prototype         120     0     0      1.000      1.000      1.000
Proxy             116     0     4      1.000      0.967      0.983
Singleton         120     2     0      0.984      1.000      0.992
State             119     0     1      1.000      0.992      0.996
Strategy          117     3     3      0.975      0.975      0.975
-----------------------------------------------------------------
MACRO AVG                              0.991      0.990      0.990

Overall Accuracy: 1545/1560 = 0.990